[gd_scene load_steps=2 format=2]

[ext_resource path="res://addons/godot_rl_agents/RaycastSensor3D.gd" type="Script" id=1]

[node name="RaycastSensor3D" type="Spatial"]
transform = Transform( 1, 0, 0, 0, 1, 0, 0, 0, 1, 0, 1, -1 )
script = ExtResource( 1 )

[node name="RayCast" type="RayCast" parent="."]
transform = Transform( 1, 0, 0, 0, 0.5, 0.866025, 0, -0.866025, 0.5, 0, -4.76837e-07, 0 )
enabled = true
cast_to = Vector3( 0, 40, 0 )

[node name="RayCast2" type="RayCast" parent="."]
transform = Transform( 1, 0, 0, 0, 0.422618, 0.906308, 0, -0.906308, 0.422618, 0, -4.17233e-07, 0 )
enabled = true
cast_to = Vector3( 0, 40, 0 )

[node name="RayCast3" type="RayCast" parent="."]
transform = Transform( 1, 0, 0, 0, 0.34202, 0.939692, 0, -0.939692, 0.34202, 0, -4.76837e-07, 0 )
enabled = true
cast_to = Vector3( 0, 40, 0 )

[node name="RayCast4" type="RayCast" parent="."]
transform = Transform( 1, 0, 0, 0, 0.258819, 0.965926, 0, -0.965926, 0.258819, 0, -4.76837e-07, 0 )
enabled = true
cast_to = Vector3( 0, 40, 0 )

[node name="RayCast5" type="RayCast" parent="."]
transform = Transform( 1, 0, 0, 0, 0.173648, 0.984807, 0, -0.984807, 0.173648, 0, -4.76837e-07, 0 )
enabled = true
cast_to = Vector3( 0, 40, 0 )

[node name="RayCast6" type="RayCast" parent="."]
transform = Transform( 1, 0, 0, 0, 0.0871557, 0.996195, 0, -0.996195, 0.0871557, 0, -4.76837e-07, 0 )
enabled = true
cast_to = Vector3( 0, 40, 0 )

[node name="RayCast7" type="RayCast" parent="."]
transform = Transform( 1, 0, 0, 0, -5.96046e-08, 1, 0, -1, -5.96046e-08, 0, -4.76837e-07, 0 )
enabled = true
cast_to = Vector3( 0, 40, 0 )

[node name="RayCast8" type="RayCast" parent="."]
transform = Transform( 1, 0, 0, 0, -0.0871557, 0.996195, 0, -0.996195, -0.0871557, 0, -4.76837e-07, 0 )
enabled = true
cast_to = Vector3( 0, 40, 0 )

[node name="RayCast9" type="RayCast" parent="."]
transform = Transform( 1, 0, 0, 0, -0.173648, 0.984807, 0, -0.984807, -0.173648, 0, -4.76837e-07, 0 )
enabled = true
cast_to = Vector3( 0, 40, 0 )

[node name="RayCast10" type="RayCast" parent="."]
transform = Transform( 1, 0, 0, 0, -0.258819, 0.965926, 0, -0.965926, -0.258819, 0, -4.76837e-07, 0 )
enabled = true
cast_to = Vector3( 0, 40, 0 )

[node name="RayCast11" type="RayCast" parent="."]
transform = Transform( 1, 0, 0, 0, -0.34202, 0.939692, 0, -0.939692, -0.34202, 0, -4.76837e-07, 0 )
enabled = true
cast_to = Vector3( 0, 40, 0 )

[node name="RayCast12" type="RayCast" parent="."]
transform = Transform( 1, 0, 0, 0, -0.422618, 0.906308, 0, -0.906308, -0.422618, 0, -4.76837e-07, 0 )
enabled = true
cast_to = Vector3( 0, 40, 0 )

[node name="RayCast13" type="RayCast" parent="."]
transform = Transform( 1, 0, 0, 0, -0.5, 0.866025, 0, -0.866025, -0.5, 0, -4.76837e-07, 0 )
enabled = true
cast_to = Vector3( 0, 40, 0 )
