[gd_scene load_steps=12 format=2]

[ext_resource path="res://addons/godot_rl_agents/sync.gd" type="Script" id=1]
[ext_resource path="res://GameArea.gd" type="Script" id=2]
[ext_resource path="res://Goal.tscn" type="PackedScene" id=3]
[ext_resource path="res://FlyBy.gd" type="Script" id=4]
[ext_resource path="res://Plane.tscn" type="PackedScene" id=5]

[sub_resource type="SpatialMaterial" id=1]
flags_transparent = true
albedo_color = Color( 0.372549, 0.0823529, 0.109804, 0.705882 )

[sub_resource type="SpatialMaterial" id=2]
albedo_color = Color( 0.0862745, 0.211765, 0.12549, 1 )
uv1_scale = Vector3( 0.5, 0.5, 0.5 )
uv1_triplanar = true

[sub_resource type="SpatialMaterial" id=3]
albedo_color = Color( 0.0196078, 0.0313726, 0.0313726, 1 )

[sub_resource type="BoxShape" id=4]
extents = Vector3( 250, 51, 251 )

[sub_resource type="CubeMesh" id=5]
size = Vector3( 500, 100, 2 )

[sub_resource type="SpatialMaterial" id=6]
albedo_color = Color( 0.443137, 0.443137, 0.443137, 1 )

[node name="FlyBy" type="Spatial"]
script = ExtResource( 4 )

[node name="Goals" type="Node" parent="."]

[node name="Goal" parent="Goals" instance=ExtResource( 3 )]
transform = Transform( 1, 0, 0, 0, -4.37114e-08, 1, 0, -1, -4.37114e-08, 21, 35, -74 )

[node name="Goal2" parent="Goals" instance=ExtResource( 3 )]
transform = Transform( 0.965926, 0.258819, 1.13133e-08, 0, -4.37114e-08, 1, 0.258819, -0.965926, -4.2222e-08, 64, 35, -149 )

[node name="Goal3" parent="Goals" instance=ExtResource( 3 )]
transform = Transform( -5.96046e-08, 1, 4.37113e-08, 0, -4.37114e-08, 1, 1, 5.96046e-08, 2.30926e-14, 118, 54, -203 )

[node name="Goal4" parent="Goals" instance=ExtResource( 3 )]
transform = Transform( -0.707107, 0.707107, 3.09086e-08, 0, -4.37114e-08, 1, 0.707107, 0.707107, 3.09086e-08, 201, 42, -156 )

[node name="Goal5" parent="Goals" instance=ExtResource( 3 )]
transform = Transform( -1, 5.96046e-08, 2.30926e-14, 0, -4.37114e-08, 1, 5.96046e-08, 1, 4.37113e-08, 230, 35, -63 )

[node name="Goal6" parent="Goals" instance=ExtResource( 3 )]
transform = Transform( -1, -2.98023e-08, 1.77636e-15, 0, -4.37114e-08, 1, -2.98023e-08, 1, 4.37114e-08, 216, 17, 48 )

[node name="Goal7" parent="Goals" instance=ExtResource( 3 )]
transform = Transform( -0.866026, -0.5, -2.18557e-08, 0, -4.37114e-08, 1, -0.5, 0.866026, 3.78551e-08, 169, 40, 147 )

[node name="Goal8" parent="Goals" instance=ExtResource( 3 )]
transform = Transform( 0.258819, -0.965926, -4.2222e-08, 0, -4.37114e-08, 1, -0.965926, -0.258819, -1.13133e-08, 74, 30, 181 )

[node name="Goal9" parent="Goals" instance=ExtResource( 3 )]
transform = Transform( -2.98023e-07, -1, -4.37113e-08, 0, -4.37114e-08, 1, -1, 2.98023e-07, -4.08562e-14, 10, 45, 133 )

[node name="Goal10" parent="Goals" instance=ExtResource( 3 )]
transform = Transform( -0.5, -0.866025, -3.78552e-08, 0, -4.37114e-08, 1, -0.866025, 0.5, 2.18557e-08, -54, 16, 171 )

[node name="Goal11" parent="Goals" instance=ExtResource( 3 )]
transform = Transform( 0.5, -0.866026, -3.78551e-08, 0, -4.37114e-08, 1, -0.866026, -0.5, -2.18557e-08, -132, 20, 166 )

[node name="Goal12" parent="Goals" instance=ExtResource( 3 )]
transform = Transform( 1, -2.38419e-07, 4.26326e-14, 0, -4.37114e-08, 1, -2.38419e-07, -1, -4.37113e-08, -159, 35, 99 )
material = SubResource( 1 )

[node name="Goal13" parent="Goals" instance=ExtResource( 3 )]
transform = Transform( 0.5, 0.866026, 3.78551e-08, 0, -4.37114e-08, 1, 0.866026, -0.5, -2.18556e-08, -123, 35, 22 )
material = SubResource( 1 )

[node name="Goal14" parent="Goals" instance=ExtResource( 3 )]
transform = Transform( 0.707107, 0.707107, 3.09086e-08, 0, -4.37114e-08, 1, 0.707107, -0.707107, -3.09085e-08, -43, 35, -7 )
material = SubResource( 1 )

[node name="Columns" type="CSGCombiner" parent="."]

[node name="CSGBox" type="CSGBox" parent="Columns"]
transform = Transform( 1, 0, 0, 0, 1, 0, 0, 0, 1, 35, 0, 0 )
width = 500.0
height = 1.0
depth = 500.0
material = SubResource( 2 )

[node name="CSGBox2" type="CSGBox" parent="Columns"]
transform = Transform( 1, 0, 0, 0, 1, 0, 0, 0, 1, 48, 26, -81 )
width = 10.0
height = 84.0
depth = 10.0
material = SubResource( 3 )

[node name="CSGBox3" type="CSGBox" parent="Columns"]
transform = Transform( 1, 0, 0, 0, 1, 0, 0, 0, 1, -84, 26, -38 )
width = 10.0
height = 50.0
depth = 10.0
material = SubResource( 3 )

[node name="CSGBox16" type="CSGBox" parent="Columns"]
transform = Transform( 1, 0, 0, 0, 1, 0, 0, 0, 1, -83, 26, 31 )
width = 10.0
height = 82.0
depth = 10.0
material = SubResource( 3 )

[node name="CSGBox17" type="CSGBox" parent="Columns"]
transform = Transform( 1, 0, 0, 0, 1, 0, 0, 0, 1, -58, 26, 31 )
width = 10.0
height = 50.0
depth = 10.0
material = SubResource( 3 )

[node name="CSGBox18" type="CSGBox" parent="Columns"]
transform = Transform( 1, 0, 0, 0, 1, 0, 0, 0, 1, -163, 26, 31 )
width = 10.0
height = 50.0
depth = 10.0
material = SubResource( 3 )

[node name="CSGBox19" type="CSGBox" parent="Columns"]
transform = Transform( 1, 0, 0, 0, 1, 0, 0, 0, 1, -185, 26, 113 )
width = 10.0
height = 50.0
depth = 10.0
material = SubResource( 3 )

[node name="CSGBox20" type="CSGBox" parent="Columns"]
transform = Transform( 1, 0, 0, 0, 1, 0, 0, 0, 1, -130, 26, 92 )
width = 10.0
height = 74.0
depth = 10.0
material = SubResource( 3 )

[node name="CSGBox4" type="CSGBox" parent="Columns"]
transform = Transform( 1, 0, 0, 0, 1, 0, 0, 0, 1, 142, 26, 112 )
width = 10.0
height = 70.0
depth = 10.0
material = SubResource( 3 )

[node name="CSGBox13" type="CSGBox" parent="Columns"]
transform = Transform( 1, 0, 0, 0, 1, 0, 0, 0, 1, 212, 26, 165 )
width = 10.0
height = 50.0
depth = 10.0
material = SubResource( 3 )

[node name="CSGBox14" type="CSGBox" parent="Columns"]
transform = Transform( 1, 0, 0, 0, 1, 0, 0, 0, 1, 245, 26, 107 )
width = 10.0
height = 50.0
depth = 10.0
material = SubResource( 3 )

[node name="CSGBox12" type="CSGBox" parent="Columns"]
transform = Transform( 1, 0, 0, 0, 1, 0, 0, 0, 1, 157, 26, 70 )
width = 10.0
height = 50.0
depth = 10.0
material = SubResource( 3 )

[node name="CSGBox5" type="CSGBox" parent="Columns"]
transform = Transform( 1, 0, 0, 0, 1, 0, 0, 0, 1, 12, 26, 187 )
width = 10.0
height = 60.0
depth = 10.0
material = SubResource( 3 )

[node name="CSGBox15" type="CSGBox" parent="Columns"]
transform = Transform( 1, 0, 0, 0, 1, 0, 0, 0, 1, 129, 26, 215 )
width = 10.0
height = 50.0
depth = 10.0
material = SubResource( 3 )

[node name="CSGBox6" type="CSGBox" parent="Columns"]
transform = Transform( 1, 0, 0, 0, 1, 0, 0, 0, 1, -1, 26, -80 )
width = 10.0
height = 100.0
depth = 10.0
material = SubResource( 3 )

[node name="CSGBox21" type="CSGBox" parent="Columns"]
transform = Transform( 1, 0, 0, 0, 1, 0, 0, 0, 1, -1, 26, -80 )
width = 10.0
height = 100.0
depth = 10.0
material = SubResource( 3 )

[node name="CSGBox7" type="CSGBox" parent="Columns"]
transform = Transform( 1, 0, 0, 0, 1, 0, 0, 0, 1, 125, 26, -164 )
width = 10.0
height = 50.0
depth = 10.0
material = SubResource( 3 )

[node name="CSGBox11" type="CSGBox" parent="Columns"]
transform = Transform( 1, 0, 0, 0, 1, 0, 0, 0, 1, 185, 26, -218 )
width = 10.0
height = 84.0
depth = 10.0
material = SubResource( 3 )

[node name="CSGBox10" type="CSGBox" parent="Columns"]
transform = Transform( 1, 0, 0, 0, 1, 0, 0, 0, 1, 74, 26, -226 )
width = 10.0
height = 50.0
depth = 10.0
material = SubResource( 3 )

[node name="CSGBox8" type="CSGBox" parent="Columns"]
transform = Transform( 1, 0, 0, 0, 1, 0, 0, 0, 1, -74, 10, 91 )
width = 10.0
height = 26.0
depth = 10.0
material = SubResource( 3 )

[node name="CSGBox9" type="CSGBox" parent="Columns"]
transform = Transform( 1, 0, 0, 0, 1, 0, 0, 0, 1, 102, 18, 130 )
width = 10.0
height = 42.0
depth = 10.0
material = SubResource( 3 )

[node name="DirectionalLight" type="DirectionalLight" parent="."]
transform = Transform( -0.793471, -0.524519, -0.308681, -0.126826, -0.353553, 0.926777, -0.595247, 0.774519, 0.214011, 12, 114, 1 )
shadow_enabled = true
directional_shadow_max_distance = 4000.0

[node name="GameArea" type="Area" parent="."]
script = ExtResource( 2 )

[node name="CollisionShape" type="CollisionShape" parent="GameArea"]
transform = Transform( 1, 0, 0, 0, 1, 0, 0, 0, 1, 35, 41, 1 )
shape = SubResource( 4 )

[node name="Sync" type="Node" parent="."]
script = ExtResource( 1 )

[node name="Plane" parent="." instance=ExtResource( 5 )]
transform = Transform( 1, 0, 0, 0, 1, 0, 0, 0, 1, 0, 27, 0 )

[node name="Plane2" parent="." instance=ExtResource( 5 )]
transform = Transform( 1, 0, 0, 0, 1, 0, 0, 0, 1, 0, 27, 0 )

[node name="Plane3" parent="." instance=ExtResource( 5 )]
transform = Transform( 1, 0, 0, 0, 1, 0, 0, 0, 1, 0, 27, 0 )

[node name="Plane4" parent="." instance=ExtResource( 5 )]
transform = Transform( 1, 0, 0, 0, 1, 0, 0, 0, 1, 0, 27, 0 )

[node name="Plane5" parent="." instance=ExtResource( 5 )]
transform = Transform( 1, 0, 0, 0, 1, 0, 0, 0, 1, 0, 27, 0 )

[node name="Plane6" parent="." instance=ExtResource( 5 )]
transform = Transform( 1, 0, 0, 0, 1, 0, 0, 0, 1, 0, 27, 0 )

[node name="Plane7" parent="." instance=ExtResource( 5 )]
transform = Transform( 1, 0, 0, 0, 1, 0, 0, 0, 1, 0, 27, 0 )

[node name="Plane8" parent="." instance=ExtResource( 5 )]
transform = Transform( 1, 0, 0, 0, 1, 0, 0, 0, 1, 0, 27, 0 )

[node name="Plane9" parent="." instance=ExtResource( 5 )]
transform = Transform( 1, 0, 0, 0, 1, 0, 0, 0, 1, 0, 27, 0 )

[node name="Plane10" parent="." instance=ExtResource( 5 )]
transform = Transform( 1, 0, 0, 0, 1, 0, 0, 0, 1, 0, 27, 0 )

[node name="Plane11" parent="." instance=ExtResource( 5 )]
transform = Transform( 1, 0, 0, 0, 1, 0, 0, 0, 1, 0, 27, 0 )

[node name="Plane12" parent="." instance=ExtResource( 5 )]
transform = Transform( 1, 0, 0, 0, 1, 0, 0, 0, 1, 0, 27, 0 )

[node name="Plane13" parent="." instance=ExtResource( 5 )]
transform = Transform( 1, 0, 0, 0, 1, 0, 0, 0, 1, 0, 27, 0 )

[node name="Plane14" parent="." instance=ExtResource( 5 )]
transform = Transform( 1, 0, 0, 0, 1, 0, 0, 0, 1, 0, 27, 0 )

[node name="Plane15" parent="." instance=ExtResource( 5 )]
transform = Transform( 1, 0, 0, 0, 1, 0, 0, 0, 1, 14, 27, -1 )

[node name="Walls" type="Node" parent="."]

[node name="MeshInstance" type="MeshInstance" parent="Walls"]
transform = Transform( 1, 0, 0, 0, 1, 0, 0, 0, 1, 36, 40, 252 )
mesh = SubResource( 5 )
material/0 = SubResource( 6 )

[node name="MeshInstance2" type="MeshInstance" parent="Walls"]
transform = Transform( 1, 0, 0, 0, 1, 0, 0, 0, 1, 35, 40, -251 )
mesh = SubResource( 5 )
material/0 = SubResource( 6 )

[node name="MeshInstance3" type="MeshInstance" parent="Walls"]
transform = Transform( -4.37114e-08, 0, -1, 0, 1, 0, 1, 0, -4.37114e-08, -215, 40, 1 )
mesh = SubResource( 5 )
material/0 = SubResource( 6 )

[node name="MeshInstance4" type="MeshInstance" parent="Walls"]
transform = Transform( -4.37114e-08, 0, -1, 0, 1, 0, 1, 0, -4.37114e-08, 285, 40, -2 )
mesh = SubResource( 5 )
material/0 = SubResource( 6 )

[connection signal="body_exited" from="GameArea" to="GameArea" method="_on_GameArea_body_exited"]
